71.26 
87.64 
63.48 
66.5 
71.86 
79.28 
67.4 
69.9 
74.48 
105.8 
90.18 
66.98 
76.5 
104.36 
96.44 
90.94 
73.3 
80.74 
110.3 
126.74 
71.14 
80.64 
92.9 
67.4 
98.52 
99.24 
138.62 
67.7 
101.6 
67.62 
73.46 
70.76 
100.3 
108.52 
72.3 
71.28 
96.22 
70.2 
73.2 
69.58 
73.28 
76.26 
67.94 
72.56 
81.44 
71.98 
71.96 
76.56 
76.74 
75.1 
68.82 
68.86 
70.76 
121.48 
121.4 
115.88 
75.52 
74.16 
96.78 
97.72 
71.44 
74.96 
97.36 
98.3 
97.74 
76.44 
100.26 
77.14 
97.6 
70.9 
73.98 
74.82 
112.4 
97.84 
73.48 
99.48 
98.5 
84.48 
75.1 
76.48 
82.7 
98.6 
77.52 
77.02 
77.58 
84.14 
76.88 
75.68 
70.36 
81.86 
76.82 
111.68 
81.52 
118.48 
83.52 
80.84 
81.5 
106.52 
112.98 
105.22 
