100197.6
200211.36
300223.36
400164.74
50099.44
60076.16
70069.72
80074.84
90085.92
100071.56
110085.6
1200104.44
1300115.82
1400104.28
150083.3
160052.78
170089.28
180065.82
190070.68
200069.7
210080.62
220068.52
2300100.28
240066.12
250096.56
260063.88
2700104.1
280064.58
290067.24
300095.26
310079.68
320067.34
330065.74
340065.96
350078.82
360064.9
370061.82
380070.06
390078.14
4000103.12
410064.58
420062.48
430066.04
440061.94
450099.82
460095.68
4700168.36
480063.14
4900144.84
500056.68
510059.54
520067.9
530061.42
540064.5
5500133.94
560088.36
570058.38
580069.94
590089.88
600059.5
610068.72
620058.4
630065.56
640066
650061.64
660058.16
670092.42
680060.2
690093.88
700058.16
710063.38
7200105.58
730062.52
740091.38
750062.2
760072.04
770089.24
780060.44
790057.24
800077.58
810092.76
820060.9
830059.98
840060.28
850058.7
860060.38
870092.74
880060.16
890063.6
900091.5
910060.9
920061.5
930058.26
940062.4
9500123.02
9600121.44
9700109.04
9800109.68
9900142.8
10000114.3
