83.24 
86.46 
115.38 
82.76 
64.6 
71 
64.22 
64.56 
81.76 
63.76 
89.26 
110.06 
93.68 
62.48 
63.88 
63.6 
67.24 
58.12 
91.54 
81.32 
74.66 
74.74 
66.3 
96.4 
62.68 
68.18 
70.16 
79.14 
68.82 
123.42 
90.32 
79.48 
74.66 
107.48 
76.92 
77.46 
75.9 
79.04 
77.44 
71.46 
87.8 
81.74 
86.92 
86.54 
83.5 
79.42 
77.62 
99.24 
89.28 
92.98 
85.28 
89.84 
92.9 
81.1 
84.42 
86.38 
80.42 
86.68 
94.38 
101.84 
92.6 
89.08 
94.94 
90.9 
96.84 
94.62 
106.56 
91.88 
93.48 
89.96 
91.48 
100.2 
103.54 
104.02 
107.22 
94 
93.82 
97.28 
97.98 
105.66 
100.78 
92.34 
125.38 
142.62 
128.74 
150.94 
165.5 
124.8 
117.54 
117.72 
222.32 
247.9 
196.28 
138.04 
120.4 
137.46 
157.16 
151.02 
135.52 
111.82 
