49.18 
47.88 
53.62 
47.12 
41.74 
40.68 
40.04 
40.4 
45.52 
39.98 
39.72 
39.98 
45.16 
40.78 
40.14 
41.54 
40.1 
39.92 
41.12 
41.08 
40.18 
42.64 
41.92 
42.44 
39.66 
40.54 
42.92 
41.6 
40.24 
54.12 
44.24 
40.2 
41.86 
40.64 
39.78 
41.72 
39.88 
39.58 
39.42 
40.62 
42.3 
40.56 
40.78 
40.72 
41.36 
41.08 
39.92 
41.24 
39.68 
41.9 
39.3 
42.14 
41.9 
40.86 
41.06 
39.52 
39.94 
39.12 
42 
40.02 
41.06 
40.22 
39.96 
40.12 
42.54 
40.8 
44.28 
42.26 
42.9 
41.92 
40.68 
43.14 
42.64 
41.26 
40.76 
41.02 
41.98 
39.92 
41.32 
40.7 
41.84 
39.56 
43.9 
48.3 
45.22 
50.64 
51.78 
43.9 
43.72 
44.46 
50.96 
64.74 
55.34 
46.76 
44.62 
46.2 
53.56 
48.68 
45.44 
49.02 
